Reacoes de apoio [N]
[[ 1270.17059222]
 [ 2200.        ]
 [-1270.17059222]
 [ 2200.        ]]

Deslocamentos [m]
[[ 0.00000000e+00]
 [ 0.00000000e+00]
 [ 1.70705159e-21]
 [-6.88205128e-05]
 [ 0.00000000e+00]
 [ 0.00000000e+00]
 [ 1.19200625e-05]
 [-3.44102564e-05]
 [-1.19200625e-05]
 [-3.44102564e-05]]

Deformacoes []
[[ 6.99611309e-22]
 [-9.77054302e-06]
 [ 9.77054302e-06]
 [-9.77054302e-06]
 [ 9.77054302e-06]
 [-6.99611309e-22]
 [-9.77054302e-06]]

Forcas internas [N]
[[ 1.81898940e-13]
 [-2.54034118e+03]
 [ 2.54034118e+03]
 [-2.54034118e+03]
 [ 2.54034118e+03]
 [-1.81898940e-13]
 [-2.54034118e+03]]

Tensoes internas [Pa]
[[ 1.39922262e-10]
 [-1.95410860e+06]
 [ 1.95410860e+06]
 [-1.95410860e+06]
 [ 1.95410860e+06]
 [-1.39922262e-10]
 [-1.95410860e+06]]